          38          14
   824542592
   219375661
    29723372
   418137537
   438067490
   860591798
   741845136
   897192773
   856478167
   740626895
   667306891
   672165215
   302042443
   669874321
   421071225
    93250046
    66103221
   928360374
   895736697
   363724789
   498734230
   598931981
   560843261
   763391423
   393629659
   617369412
   778980803
   462195482
   708242074
   279480130
   194055768
   614416156
   181131519
   273353991
    42105957
   607677987
   769366999
   624062267
   228704461
   271878854
   574302674
   783348976
   523496197
   967210839
   141208149
   866007453
   935581654
    43840195
   493149446
   895535111
   829650639
   603668584
   973116247
   788619209
   289808566
